00000000000000000000
00000000000000000000
00000000000000000000
00000000000000000000
00000000000000000000
00000111000111111111
00011111100001111111
00111111110000011111
01111111111000001111
01111000111100011111
00111110001111111111
00001111000011111111
00000001100011111111
00000000000001111111
11111111111111111111
-
00000000000000000000
00000000000000000000
00000000000000000000
00000000000000110000
00001111000001111100
00000111000111111111
00011111100001111111
01111111110000011111
01001111111000001111
01001111111100011111
00001110001111111111
00000011000011111111
00000001100011111111
11100000000001111111
11111111111111111111
-
00000000000000000000
00000000000000000000
00000000000001111000
00000110000000110000
00001111000001111100
00000111000111111111
00011111100001111111
00111111110000011111
00001111111000001111
00001111111100011111
10000011001111111111
11000001000011111111
11100000000011111111
11111100000001111111
11111111111111111111
-
00000000000000000000
00000000000000000000
00000000000001111000
00000110000000111110
00001111000001111110
00001111000111111111
00001111100001111111
00000111110000011111
00000001111000001111
11000000111100011111
11100000001111111111
11110000000011111111
11111000000011111111
11111110000001111111
11111111111111111111
-
00000000000000000000
00000000000000000000
00000000000001111100
00000011110000111110
00000011111111111110
00000011111111111111
00000011100001111111
00000011110000011111
00000011111000001111
11100000111100011111
11110000001111111111
11111000000011111111
11111110000011111111
11111111100001111111
11111111111111111111
-
00000000000000000000
00000000000000000000
00000000000001111100
00000011110000111110
00000000000111111110
00000000000111111111
00000000011111111111
00000001110000011111
11100001111000001111
11100011111100011111
11110000001111111111
11111000000011111111
11111110000011111111
11111111100001111111
11111111111111111111
-
00000000000000000000
00000000000000000000
00011110000000111100
00011111110000111110
00000000000001111110
00000000000011111111
00000000001111111111
11100000110000011111
11100001111000001111
11100011111100011111
11110000001111111111
11111000000011111111
11111110000011111111
11111111100001111111
11111111111111111111
-